100 100 149
1 2
1 3
1 4
2 5
2 6
3 7
3 8
4 9
4 10
5 11
5 12
6 13
6 14
7 15
7 16
8 17
8 18
9 19
9 20
10 21
10 22
11 23
11 24
12 25
12 26
13 27
13 28
14 29
14 30
15 31
15 32
16 33
16 34
17 35
17 36
18 37
18 38
19 39
19 40
20 41
20 42
21 43
21 44
22 45
22 46
23 47
23 48
24 49
24 50
25 51
25 52
26 53
26 54
27 55
27 56
28 57
28 58
29 59
29 60
30 61
30 62
31 63
31 64
32 65
32 66
33 67
33 68
34 69
34 70
35 71
35 72
36 73
36 74
37 75
37 76
38 77
38 78
39 79
39 80
40 81
40 82
41 83
41 84
42 85
42 86
43 87
43 88
44 89
44 90
45 91
45 92
46 93
46 94
47 95
47 96
48 97
48 98
49 99
49 100
50 51
50 52
51 53
51 54
52 55
52 56
53 57
53 58
54 59
54 60
55 61
55 62
56 63
56 64
57 65
57 66
58 67
58 68
59 69
59 70
60 71
60 72
61 73
61 74
62 75
62 76
63 77
63 78
64 79
64 80
65 81
65 82
66 83
66 84
67 85
67 86
68 87
68 88
69 89
69 90
70 91
70 92
71 93
71 94
72 95
72 96
73 97
73 98
74 99
74 100